### target ID		Pspin	Porb		D	DelD	Ea DelEa	orbfname
#
#
### Be XB
#
#GX304-1		275	132.19		2.0		53.7 0.7	gx304m1_ms.param
GX304-1			275	132.19		2.4	0.5	53.7 0.7	gx304m1_ms.param
#GX304-1			275	132.19		2.4	0.5	53.7 0.7	
			
LSV+4417		203	155		2.2	0.5	31.9 1.3	None

#A0535+262		103	111.10		2.4		46.8 0.7	
A0535+262		103	111.10		2.1	0.5	46.8 0.7	

#GROJ1008-57		93	249.48		5.8	0.5	76 2		groj1008_ku2014.param
#GROJ1008-57		93	249.48		5.8	0.5	76 2		groj1008_ms.param
#GROJ1008-57		93	249.48		5.8	0.5	76 2		groj1008_ms2.param
##GROJ1008-57		93	249.48		5.8	0.5	76 2		groj1008_b.param
GROJ1008-57		93	249.48		5.8	0.5	76 2		groj1008_ge.param

#KS1947+300		18	40.42		10.0		12.2 0.7	
#KS1947+300		18	40.42		10.0		12.2 0.7	None	
#KS1947+300		18	40.42		10.4	0.9	12.2 0.7	ks1947_fgbm.param
#KS1947+300		18	40.42		10.4	0.9	12.2 0.7	ks1947_ms.param
#KS1947+300		18	40.42		10.4	0.9	12.2 0.7	ks1947_gm.param
KS1947+300		18	40.42		10.4	0.9	12.2 0.7	ks1947_gme.param
#KS1947+300		18	40.42		10.4	0.9	12.2 0.7	ks1947_b.param

#XTEJ1946+274		15.8	169		8.7	1.2	35 1.5		xtej1946_ms.param
#XTEJ1946+274		15.8	169		8.7	1.2	35 1.5		xtej1946_mc2015w.param
### def
XTEJ1946+274		15.8	169		8.7	1.2	35 1.5		xtej1946_mc2015d.param

RXJ0520.5-6932 		8.037 	23.93 		50.	2.0	31.5 0.7 	

#V0332+53		4.37	34.7		6.0	1.5	31 1		v0332_ms.param
#V0332+53		4.37	34.7		6.0	1.5	31 1		v0332_fgbm.param
### Use vd2016
V0332+53		4.37	34.7		6.0	1.5	31 1		v0332_vd2016.param

#4U0115+63		3.61	24.3		7		16 0.6	
#4U0115+63		3.61	24.3		7		16 0.6		4u0115_ms.param
#4U0115+63		3.61	24.3		7.0	0.3	16 0.6		4u0115_ms.param
4U0115+63		3.61	24.3		7.0	0.3	16 0.6		4u0115_ms2.param

#H1553-542		9.27    30.6    	20.     4.0	27.3 0.4	2s1553_fgbm.param
H1553-542		9.27    30.6    	20.     4.0	27.3 0.4	2s1553_ts2016.param	

2S1417-624		17	42.18		11.0	2.	-1 -1 	

#GS0834-430		12.3	105.8		5	1.5	-1 -1		gs0834_ms2.param
GS0834-430		12.3	105.8		5	1.5	-1 -1		gs0834_ms.param
#GS0834-430		12.3	105.8		5	1.5	-1 -1		gs0834_wh97.param

XTEJ1859+083		9.80	37.9859		10	-1	-1 -1	

CepX-4			66.3	-1		5.9	0.9	30.4 0.2

MXB0656-072		160.7	101.2		3.9	0.1	32.8 0.5

#
#### Dummy
EXO2030+375		41.8	46.03		6.5	2.5	-1 -1	
#XPer			837	250		0.95	
#SwiftJ1626.6-5156	15.4	132.89		10	

#SAXJ2103.5+4545	358.6	12.67		6.8	
#
#4U1907+09		441.09	8.3753		7.	

##### SG XB
#### need check
CenX-3			4.80	2.0869953	5.7	1.5	31.  0.7

#### need check
VelaX-1			283.5	8.9643680	2.0	0.1	25.  1.

GX301-2			681.6	41.472		3	0.5	37.3 2.5	
##4U1538-52		525.0	3.7283749	5.5	

#### LM XB
4U1626-67		7.66	-1		9	1.0	37.  0.5
HerX-1			1.24	1.70		6.1	0.6	41.  1.
